20000 txs 200 bytes 100 buckets
===================================

fastdb (hash only):

1238.144459
1252.596158
1233.423398
1236.409951
1208.784022
1211.994626
1240.262397
1199.421169
1204.920473
1208.972943
1205.978428

fastdb:

7408.640722
7275.429997
7300.727697
7280.151757
7396.739697
7389.523486

fastdb (improved):

3709.835098
3710.991810
3712.675963
3716.426300
3707.303283
3705.085612
3712.961125
3739.590419
3729.178550
3714.233772
3719.482275
3710.536235
3734.533072

fastdb (ht layout):

3731.783840
3741.392044
3736.645631
3831.487580
3739.692527
3730.409433
3754.314707
3747.881766
3738.183466
3726.784740
3727.864905
3864.410900
3728.972379
3768.496259
3757.275838
3960.220012
3734.824310
3804.042469

ht_slab (hash only):

1235.704974
1235.684091
1213.525198
1247.376779
1236.191348
1225.272152
1212.195978
1201.269659
1206.922403
1227.537664
1239.349222
1220.901205
1227.856141
1307.035483

ht_slab:

4648.343620
4533.604448
4659.243400
4654.684230
4530.557901
4569.990429
4574.785732
4537.774392
4678.608921
4572.675548

20000 txs 200 bytes 20000 buckets
===================================

fastdb:

1583.013245
1584.229391
1584.545004
1583.496687
1585.169316
1585.616649
1581.995309
1584.681195
1583.851760
1583.382706
1584.467200
1592.938320
1585.524947
1583.436972
1583.729328
1582.069969
1591.394408

ht_slab:

1522.007373
1517.634400
1516.592578
1517.943169
1518.528648
1520.159303
1518.912775
1519.939651
1518.753677
1520.667258
1520.921551
1517.744610
1520.951512
1515.108521
1517.219124
1517.639080
1515.162089
1516.171016
1526.762656

